@model
SUBJECT | AG1-1 | AG2-1 | EXTRA-1 | AG1-2 | AG2-2 | EXTRA-2 | AG1-3 | AG2-3 | EXTRA-3

@values
| 10 | 10 | 10 | 12 | 12 | 11 | 12 | 12 | 11

@data
BIO  | 9,6 | 5,1 | 7,2 | | | | | |
FIL  | 6,9 | 8,4 | 8,2 | | | | | |
FIS  | 10  | 9,3 | 7,8 | | | | | |
GEO  | 5,9 | 8,4 | 8,2 | | | | | |
HIS  | 8,5 | 7,5 | 8,2 | | | | | |
TEO  | 6,4 | 7,3 | 8,2 | | | | | |
ESP  | 7,3 | 6   | 7,8 | | | | | |
ING  | 8,1 | 9   | 8,5 | | | | | |
PORT | 7,1 | 5,6 | 7,9 | | | | | |
LIT  | 6,9 | 6,4 | 8,3 | | | | | |
MAT  | 6,8 | 9,3 | 8,5 | | | | | |
RED  | 8,6 | 8,6 | 8,5 | | | | | |
QUI  | 5,5 | 7,5 | 8,1 | | | | | |
SOC  | 9,3 | 8,6 | 8,5 | | | | | |
SPL  | 9,1 | 8,5 | 8,5 | | | | | |
